[prayer.jpg]
filters=ansel=1,ffffffff;sepia=1;ansel=1,ffffffff;radsat=1,0.837778,0.113553,0.000000,0.000000;autocolor=1;finetune2=1,0.000000,0.000000,0.000000,00000000,-0.122807;fill=1,0.925234;
moddate=121b7df16e0cce01
width=450
height=546
textactive=0
[praise - Copy.jpg]
filters=bw=1;finetune2=1,1.000000,0.000000,0.008421,00000000,0.274854;radsat=1,0.500000,0.500000,0.000000,0.000000;
moddate=0ccb70149614ce01
width=450
height=310
textactive=0
